Keof = 0.7
Generator: 
Total sum: 6134
[63, 60, 62, 61, 65, 61, 63, 59, 65, 60, 67, 62, 63, 61, 65, 59, 62, 61, 61, 58, 61, 61, 59, 59, 63, 62, 63, 59, 61, 59, 66, 61, 63, 60, 60, 63, 59, 57, 60, 60, 61, 60, 60, 60, 61, 63, 62, 64, 61, 62, 59, 59, 59, 61, 62, 62, 63, 65, 62, 60, 60, 61, 59, 61, 61, 62, 62, 60, 59, 61, 60, 63, 66, 67, 58, 60, 59, 61, 60, 62, 62, 60, 61, 59, 63, 62, 61, 61, 64, 61, 61, 60, 61, 62, 62, 64, 58, 64, 66, 60]

Imprecise model: 
Total sum: 4082
[46, 42, 40, 43, 42, 42, 49, 39, 42, 37, 40, 38, 40, 41, 45, 42, 38, 40, 37, 40, 38, 42, 40, 38, 43, 35, 46, 38, 39, 37, 42, 43, 39, 40, 40, 37, 42, 34, 43, 36, 40, 42, 41, 42, 47, 37, 39, 45, 46, 41, 39, 40, 41, 42, 41, 42, 40, 40, 45, 38, 39, 40, 45, 41, 41, 44, 41, 42, 45, 43, 37, 39, 39, 43, 41, 42, 42, 42, 37, 40, 46, 40, 42, 43, 38, 40, 41, 42, 41, 38, 38, 43, 38, 44, 44, 39, 39, 43, 38, 39]

Average amount of discretes (generator): 10.99
Average amount of discretes (imprecise model): 10.34

Difference (times): 1.5026947574718277


Keof = 0.8
Generator: 
Total sum: 5501
[51, 59, 56, 58, 56, 55, 55, 56, 56, 58, 54, 54, 51, 55, 55, 55, 56, 57, 55, 50, 56, 54, 56, 57, 53, 55, 56, 55, 50, 52, 56, 56, 55, 57, 53, 54, 56, 51, 56, 55, 51, 55, 53, 52, 58, 57, 56, 54, 56, 55, 53, 54, 55, 55, 53, 56, 57, 55, 58, 54, 56, 59, 56, 54, 56, 56, 57, 58, 55, 54, 54, 55, 55, 52, 52, 55, 56, 55, 53, 57, 55, 55, 60, 54, 50, 54, 56, 54, 56, 53, 58, 55, 55, 52, 58, 58, 56, 53, 57, 55]

Imprecise model: 
Total sum: 3928
[38, 39, 39, 43, 39, 45, 35, 35, 38, 38, 39, 40, 37, 36, 38, 40, 38, 45, 43, 41, 38, 36, 41, 40, 37, 42, 37, 39, 41, 41, 40, 40, 42, 39, 38, 36, 43, 36, 38, 42, 39, 44, 43, 35, 39, 38, 44, 38, 41, 40, 39, 39, 38, 40, 36, 42, 40, 39, 41, 40, 34, 40, 39, 33, 37, 41, 42, 40, 37, 35, 44, 34, 41, 39, 43, 41, 40, 37, 35, 40, 39, 36, 38, 41, 36, 44, 34, 42, 40, 38, 41, 43, 36, 41, 41, 43, 37, 40, 39, 40]

Average amount of discretes (generator): 9.56
Average amount of discretes (imprecise model): 9.1

Difference (times): 1.400458248472505


Keof = 0.9
Generator: 
Total sum: 5052
[53, 52, 50, 52, 49, 50, 53, 50, 54, 54, 48, 49, 54, 49, 55, 51, 52, 52, 51, 52, 50, 51, 52, 50, 51, 49, 50, 50, 50, 50, 47, 51, 50, 53, 50, 52, 52, 52, 51, 47, 49, 49, 50, 49, 50, 52, 51, 48, 51, 46, 47, 49, 49, 49, 49, 55, 53, 53, 52, 48, 50, 53, 47, 50, 51, 51, 48, 53, 51, 49, 52, 53, 50, 50, 54, 56, 45, 55, 50, 52, 49, 52, 48, 49, 49, 48, 49, 50, 47, 52, 47, 50, 51, 51, 52, 48, 52, 48, 52, 51]

Imprecise model: 
Total sum: 3735
[40, 37, 34, 39, 43, 38, 36, 36, 35, 35, 37, 37, 40, 42, 42, 40, 37, 41, 38, 34, 34, 39, 41, 39, 42, 36, 35, 41, 37, 34, 38, 40, 39, 36, 37, 37, 36, 38, 39, 36, 38, 39, 41, 37, 35, 35, 37, 33, 38, 33, 33, 33, 36, 36, 37, 34, 37, 40, 38, 36, 39, 44, 34, 39, 38, 36, 37, 37, 42, 37, 40, 37, 38, 42, 39, 35, 34, 35, 34, 40, 36, 39, 39, 38, 35, 33, 40, 39, 33, 39, 39, 35, 39, 42, 35, 35, 37, 31, 37, 36]

Average amount of discretes (generator): 8.58
Average amount of discretes (imprecise model): 8.11

Difference (times): 1.3526104417670683


